nsims <- 2000
testsize <- 0.1
